10303C
003D69
003D69
003D69
003D69
003D69
003D69
003D69
003D69
003D69
003D69
003D69
003D69
003D69
003D69
003D69
003A69
003869
003869
003869
003869
003869
003869
003869
003869
003869
003869
003869
003869
003869
003869
003869
003869
003869
003869
003869
003869
003869
003869
003869
003869
003869
003869
004069
004169
004169
003F69
003D69
003D69
003D69
003D69
003D69
003D69
003D69
003D69
003D69
003D69
003D69
003D69
003D69
003D69
003D69
003D69
003D69
003D69
003D69
003A69
003869
003869
003869
003869
003869
003869
003869
003869
003869
003869
003869
003869
003869
003869
003869
003869
003869
003869
003869
003869
003869
003869
003869
003869
003869
003869
004069
004169
004169
003F69
003D69
003D69
003D69
003D69
003D69
003D69
003D69
003D69
003D69
003D69
003D69
003D69
003D69
003D69
003D69
003D69
003D69
003D69
003D69
003A69
003969
003869
003869
003869
003869
003869
003869
003869
003869
003869
003869
003869
003869
003869
003869
003869
003869
003869
003869
003869
003869
003869
003869
003869
003869
003869
004069
004169
004169
003F69
003D69
003D69
003D69
003D69
003D69
003D69
003D69
003D69
003D69
